%YAML:1.0
---
K: !!opencv-matrix
   rows: 3
   cols: 3
   dt: d
   data: [ 9.4799914322489337e+02, 0., 6.5708636994198866e+02, 0.,
       9.4947201606725594e+02, 3.4328354459472672e+02, 0., 0., 1. ]
D: !!opencv-matrix
   rows: 1
   cols: 5
   dt: d
   data: [ 9.4512080178295654e-02, -6.5707501301121440e-01,
       -8.9541861823179360e-04, 1.8284224662302086e-03,
       1.4416834214303103e+00 ]
