%YAML:1.0
---
K: !!opencv-matrix
   rows: 3
   cols: 3
   dt: d
   data: [ 7.8520480629840870e+02, 0., 2.8806036336031832e+02, 0.,
       7.8414939218237328e+02, 2.6174892828496240e+02, 0., 0., 1. ]
D: !!opencv-matrix
   rows: 1
   cols: 5
   dt: d
   data: [ 2.4485673146790149e-02, 8.3984910538214108e-01,
       4.4488416367494581e-03, -1.0780599536359693e-02,
       -6.4691782752755369e+00 ]
