%YAML:1.0
---
K: !!opencv-matrix
   rows: 3
   cols: 3
   dt: d
   data: [ 8.8830568656205662e+02, 0., 6.8370117897483772e+02, 0.,
       8.8449621363569372e+02, 3.4422180601575917e+02, 0., 0., 1. ]
D: !!opencv-matrix
   rows: 1
   cols: 5
   dt: d
   data: [ 4.7206535406064350e-02, -2.1217408228798149e-01,
       -1.4143415712524041e-03, 2.1707894821417695e-05,
       3.3683836164483832e-01 ]
